Fragment	total	Ees	Eex	Ect+mix	Edisp	Gsol	distance	Angle	LIG.x	LIG.y	LIG.z	PROT.x	PROT.y	PROT.z	Bond_type	prot_atom_id	lig_atom_id
VALA627	-5.707	-0.411	0.184	-0.009	-5.227	-0.244	   3.440   0.000   2.794 -10.071  -3.039   5.396 -12.270  -3.493	Hydrophobic_Interactions	CG2	C33
ALAA644	-4.389	-2.112	0.350	-0.064	-2.658	0.096	   3.890   0.000   0.165 -11.349  -6.224   1.524 -10.274  -9.708	Hydrophobic_Interactions	CB	C40
LYSA646	-0.503	8.998	0.240	-0.036	-7.210	-2.495	   3.720   0.000   0.165 -11.349  -6.224   0.822 -13.948  -3.644	Hydrophobic_Interactions	CB	C40
LYSA646	-0.503	8.998	0.240	-0.036	-7.210	-2.495	   3.820   0.000   3.029 -10.304  -1.672   0.453 -13.098  -1.256	Hydrophobic_Interactions	CD	C34
ILEA690	-1.493	0.876	-0.058	-0.005	-2.541	0.235	   3.810   0.000  -1.412 -10.978  -4.286  -4.494 -13.207  -4.400	Hydrophobic_Interactions	CG2	C12
THRA692	-5.311	-1.617	0.009	-0.023	-3.873	0.193	   3.660   0.000  -1.412 -10.978  -4.286  -3.648 -10.340  -7.117	Hydrophobic_Interactions	CG2	C12
GLUA663	-21.411	-19.820	0.244	-0.867	-0.709	-0.260	   1.800 165.910  -1.939  -8.117  -2.026  -2.851  -9.492   0.159	Hydrogen_Bonds	OE2	O41
META695	-9.275	-6.737	0.244	-0.293	-1.935	-0.554	   2.050 152.350   2.593  -7.141  -9.953   2.004  -5.751 -12.527	Hydrogen_Bonds	N	O3
META695	-9.275	-6.737	0.244	-0.293	-1.935	-0.554	   2.080 137.310   4.848  -6.786  -9.868   4.723  -4.736 -11.924	Hydrogen_Bonds	O	N4
ASPA757	-7.758	-7.253	-0.035	-0.109	-1.743	1.380	   2.130 149.700  -1.939  -8.117  -2.026  -1.967  -5.420  -0.610	Hydrogen_Bonds	N	O41
