Fragment	total	Ees	Eex	Ect+mix	Edisp	Gsol	distance	Angle	LIG.x	LIG.y	LIG.z	PROT.x	PROT.y	PROT.z	Bond_type	prot_atom_id	lig_atom_id
ILEA619	-6.277	-1.314	-0.011	-0.004	-5.483	0.537	   3.530   0.000   7.416  -8.392  -6.408   7.606 -11.876  -6.932	Hydrophobic_Interactions	CG2	CAM
LYSA646	-4.241	-6.243	0.128	-0.012	-4.370	6.256	   3.600   0.000  -2.126 -13.496  -2.998   0.026 -15.121  -0.617	Hydrophobic_Interactions	CD	CBK
LYSA646	-4.241	-6.243	0.128	-0.012	-4.370	6.256	   3.860   0.000  -1.380 -12.972  -4.068   0.267 -16.260  -2.879	Hydrophobic_Interactions	CB	CAB
ILEA690	-1.667	0.037	0.189	0.001	-2.090	0.196	   3.510   0.000  -2.126 -13.496  -2.998  -5.053 -15.409  -3.327	Hydrophobic_Interactions	CG2	CBK
THRA692	-4.217	-0.834	0.051	-0.059	-3.543	0.168	   3.490   0.000  -1.380 -12.972  -4.068  -4.163 -12.368  -6.088	Hydrophobic_Interactions	CG2	CAB
TYRA694	-11.815	-7.077	-0.203	-0.078	-4.743	0.287	   3.780   0.000   6.718  -8.569  -9.123   4.892 -10.516 -11.806	Hydrophobic_Interactions	CE1	CBD
PHEA703	-0.422	0.961	0.022	-0.013	-2.037	0.645	   3.810   0.000  11.397  -2.792 -11.327   9.383   0.100  -9.871	Hydrophobic_Interactions	CD1	CBA
THRA692	-4.217	-0.834	0.051	-0.059	-3.543	0.168	   2.400 134.790  -0.272 -11.081  -5.142  -2.357 -11.650  -7.490	Hydrogen_Bonds	OG1	NAD
TYRA694	-11.815	-7.077	-0.203	-0.078	-4.743	0.287	   2.390 132.290   9.005  -8.671 -10.909   6.929  -9.840 -12.895	Hydrogen_Bonds	OH	OBC
META695	-4.938	-1.544	-0.397	-0.024	-2.967	-0.007	   2.270 159.030   2.057  -9.257  -8.327   1.491  -7.826 -11.167	Hydrogen_Bonds	N	NAH
META695	-4.938	-1.544	-0.397	-0.024	-2.967	-0.007	   2.100 138.450   4.415  -8.972  -8.593   4.203  -6.775 -10.529	Hydrogen_Bonds	O	NAJ
GLUA706	-28.651	-18.977	-0.026	-0.854	-2.224	-6.571	   1.870 163.210  13.952  -3.950 -11.925  14.784  -2.470  -9.705	Hydrogen_Bonds	OE1	OAX
ASNA697	-3.136	3.330	-0.125	-0.022	-3.979	-2.341	   3.540 158.830   9.985  -7.132  -9.549   8.027  -3.274  -8.998	Water_Bridges	O	NAQ
GLUA706	-28.651	-18.977	-0.026	-0.854	-2.224	-6.571	   3.960 158.830   9.985  -7.132  -9.549  13.471  -3.008  -7.987	Water_Bridges	OE2	NAQ
GLUA706	-28.651	-18.977	-0.026	-0.854	-2.224	-6.571	   3.150   0.000  12.979  -4.631 -11.088  14.128  -2.739  -8.846	Salt_Bridges	Sa	NAW
