Fragment	total	Ees	Eex	Ect+mix	Edisp	Gsol	distance	Angle	LIG.x	LIG.y	LIG.z	PROT.x	PROT.y	PROT.z	Bond_type	prot_atom_id	lig_atom_id
ALAA644	-2.108	1.117	0.366	-0.005	-3.420	-0.165	   3.760   0.000  -1.377 -13.900  -5.638   0.421 -12.607  -8.676	Hydrophobic_Interactions	CB	CAA
ILEA690	-0.518	0.661	0.164	-0.016	-2.683	1.356	   3.500   0.000  -2.793 -13.791  -3.553  -5.804 -15.551  -3.868	Hydrophobic_Interactions	CG2	CBE
THRA692	-5.367	-0.661	0.100	-0.107	-4.355	-0.344	   3.550   0.000  -2.029 -13.111  -4.520  -4.861 -12.362  -6.527	Hydrophobic_Interactions	CG2	CAB
TYRA694	-7.496	-0.263	0.042	-0.010	-5.237	-2.027	   3.800   0.000   6.076  -8.467  -9.007   4.415 -10.610 -11.673	Hydrophobic_Interactions	CE1	CAM
LEUA746	-5.754	0.387	0.057	-0.004	-4.902	-1.292	   3.890   0.000   5.369  -8.587  -6.683   2.870  -5.952  -5.288	Hydrophobic_Interactions	CD2	CAQ
THRA692	-5.367	-0.661	0.100	-0.107	-4.355	-0.344	   2.230 141.750  -1.124 -11.015  -5.402  -3.010 -11.501  -7.794	Hydrogen_Bonds	OG1	NAD
META695	-2.970	-0.608	-0.362	-0.111	-3.112	1.221	   2.280 159.070   1.346  -8.964  -8.366   1.066  -7.654 -11.315	Hydrogen_Bonds	N	NAI
META695	-2.970	-0.608	-0.362	-0.111	-3.112	1.221	   2.080 145.910   3.724  -8.720  -8.538   3.809  -6.722 -10.733	Hydrogen_Bonds	O	NAK
TYRA694	-7.496	-0.263	0.042	-0.010	-5.237	-2.027	   3.770 163.170   8.451  -8.612 -10.723   6.554 -10.014 -12.564	Water_Bridges	OH	OAS
ASNA697	-1.698	-5.362	-0.046	-0.026	-2.432	6.168	   3.610 155.480   9.453  -7.216  -9.235   7.746  -3.293  -9.178	Water_Bridges	O	NAT
ALAA699	-5.462	-3.555	0.133	-0.003	-1.939	-0.098	   3.150 119.350   9.453  -7.216  -9.235   6.153  -4.242  -5.627	Water_Bridges	N	NAT
