Fragment	total	Ees	Eex	Ect+mix	Edisp	Gsol	distance	Angle	LIG.x	LIG.y	LIG.z	PROT.x	PROT.y	PROT.z	Bond_type	prot_atom_id	lig_atom_id
LYSA646	1.047	20.071	0.041	-0.058	-4.222	-14.784	   3.610   0.000  -1.581 -12.504  -4.522   0.520 -15.409  -4.139	Hydrophobic_Interactions	CB	CBE
ILEA690	0.600	0.961	0.078	-0.017	-2.135	1.712	   3.590   0.000  -1.581 -12.504  -4.522  -4.664 -14.338  -4.680	Hydrophobic_Interactions	CG2	CBE
THRA692	-4.719	-0.923	0.065	-0.200	-3.535	-0.127	   3.560   0.000  -0.852 -11.929  -5.576  -3.658 -10.788  -7.443	Hydrophobic_Interactions	CG2	CAB
TYRA694	-11.159	-3.493	0.144	-0.014	-4.402	-3.395	   3.590   0.000   7.161  -7.655 -10.681   5.295  -9.603 -13.054	Hydrophobic_Interactions	CE1	CAL
ILEA619	-1.288	3.467	-0.153	0.013	-4.929	0.313	   2.920 130.360   9.473  -7.786  -6.172  10.278 -11.334  -6.494	Hydrogen_Bonds	O	NAQ
THRA692	-4.719	-0.923	0.065	-0.200	-3.535	-0.127	   2.140 152.240   0.273 -10.012  -6.573  -1.770 -10.316  -8.853	Hydrogen_Bonds	OG1	NAD
META695	-4.175	-1.279	-0.491	-0.010	-2.956	0.560	   2.200 169.380   2.502  -7.983  -9.715   1.901  -6.465 -12.466	Hydrogen_Bonds	N	NAH
META695	-4.175	-1.279	-0.491	-0.010	-2.956	0.560	   2.060 135.290   4.848  -7.638 -10.018   4.632  -5.505 -11.920	Hydrogen_Bonds	O	NAJ
ALAA699	-9.358	-5.353	0.054	-0.110	-2.115	-1.833	   2.180 158.880   7.832  -6.238  -5.918   6.907  -3.315  -6.609	Hydrogen_Bonds	N	OAW
