Fragment	total	Ees	Eex	Ect+mix	Edisp	Gsol	distance	Angle	LIG.x	LIG.y	LIG.z	PROT.x	PROT.y	PROT.z	Bond_type	prot_atom_id	lig_atom_id
ALAA644	-0.811	3.143	0.399	-0.012	-3.460	-0.881	   3.760   0.000  -1.278 -13.410  -6.729   0.417 -12.068  -9.809	Hydrophobic_Interactions	CB	CBE
LYSA646	9.982	36.029	0.635	-0.031	-4.428	-22.223	   3.860   0.000  -3.227 -12.534  -3.554  -0.681 -14.869  -1.841	Hydrophobic_Interactions	CD	CBG
LYSA646	9.982	36.029	0.635	-0.031	-4.428	-22.223	   3.500   0.000  -2.659 -13.257  -4.618  -0.451 -15.931  -4.140	Hydrophobic_Interactions	CB	CBF
ILEA690	0.718	1.824	0.082	-0.010	-2.669	1.490	   3.570   0.000  -2.659 -13.257  -4.618  -5.704 -15.101  -4.877	Hydrophobic_Interactions	CG2	CBF
THRA692	-5.068	-0.844	0.196	-0.167	-4.217	-0.036	   3.450   0.000  -1.874 -12.608  -5.590  -4.707 -12.033  -7.464	Hydrophobic_Interactions	CG2	CBD
TYRA694	-11.416	-3.977	0.062	-0.019	-4.769	-2.712	   3.680   0.000   6.015  -7.945 -10.529   4.275 -10.140 -12.909	Hydrophobic_Interactions	CE1	CAL
THRA692	-5.068	-0.844	0.196	-0.167	-4.217	-0.036	   2.210 147.130  -0.925 -10.547  -6.500  -2.966 -11.045  -8.795	Hydrogen_Bonds	OG1	NAD
META695	-2.946	-0.234	-0.339	0.012	-2.965	0.580	   2.210 160.500   1.321  -8.483  -9.604   0.902  -7.097 -12.433	Hydrogen_Bonds	N	NAH
META695	-2.946	-0.234	-0.339	0.012	-2.965	0.580	   2.200 129.440   3.679  -8.296  -9.983   3.615  -6.000 -11.835	Hydrogen_Bonds	O	NAJ
ALAA699	-5.984	-0.720	-0.000	-0.040	-2.951	-2.273	   2.390 166.760   7.650  -6.522  -5.944   5.917  -3.730  -6.728	Hydrogen_Bonds	N	OAZ
ILEA619	-2.256	3.198	-0.178	0.012	-5.056	-0.233	   3.240 135.190   5.963 -10.757  -4.262   8.576 -11.404  -6.061	Halogen_Bonds	O	FAY
