Fragment	total	Ees	Eex	Ect+mix	Edisp	Gsol	distance	Angle	LIG.x	LIG.y	LIG.z	PROT.x	PROT.y	PROT.z	Bond_type	prot_atom_id	lig_atom_id
ALAA644	-3.184	0.109	0.397	-0.009	-3.293	-0.387	   3.750   0.000  -1.154 -13.017  -5.889   0.525 -11.739  -8.985	Hydrophobic_Interactions	CB	C10
GLUA663	2.613	2.700	0.072	-0.068	-1.801	1.710	   3.960   0.000  -3.294 -12.287  -2.809  -5.427 -11.718   0.484	Hydrophobic_Interactions	CG	C7
ILEA690	-2.548	0.062	0.180	-0.015	-2.584	-0.191	   3.500   0.000  -2.617 -12.967  -3.836  -5.599 -14.781  -4.050	Hydrophobic_Interactions	CG2	C8
THRA692	-6.066	-1.615	0.200	-0.170	-4.292	-0.188	   3.530   0.000  -1.871 -12.255  -4.793  -4.731 -11.570  -6.745	Hydrophobic_Interactions	CG2	C9
TYRA694	-9.772	-3.407	0.025	-0.007	-5.781	-0.601	   3.730   0.000   6.187  -7.641  -9.269   4.493  -9.694 -11.877	Hydrophobic_Interactions	CE1	C12
THRA692	-6.066	-1.615	0.200	-0.170	-4.292	-0.188	   2.190 141.920  -1.058 -10.124  -5.676  -2.895 -10.709  -8.037	Hydrogen_Bonds	OG1	N2
META695	-6.618	-2.782	-0.311	-0.040	-3.139	-0.347	   2.260 155.730   1.442  -8.182  -8.689   1.172  -6.863 -11.600	Hydrogen_Bonds	N	N1
META695	-6.618	-2.782	-0.311	-0.040	-3.139	-0.347	   2.100 144.610   3.819  -7.902  -8.826   3.920  -5.962 -11.085	Hydrogen_Bonds	O	N
LYSA702	-10.206	-6.435	0.110	-0.162	-1.697	-2.022	   2.460 117.070  13.642  -4.727  -8.959  13.992  -4.996  -5.933	Hydrogen_Bonds	NZ	O1
GLUA706	-9.978	-12.253	-0.612	-1.075	-0.055	4.017	   1.920 171.500  13.642  -4.727  -8.959  14.024  -1.944  -8.409	Hydrogen_Bonds	OE1	O1
ALAA699	-5.077	-2.900	0.108	-0.001	-2.221	-0.064	   3.090 149.960   7.719  -7.724  -7.422   6.258  -3.494  -5.863	Water_Bridges	N	N3
LYSA646	-18.813	-12.877	0.421	-0.074	-5.438	-0.845	   4.310   0.000  -2.557 -11.565  -3.768  -0.572 -12.386  -0.037	pi-Cation_Interactions	NZ	Pi
