Fragment	total	Ees	Eex	Ect+mix	Edisp	Gsol	distance	Angle	LIG.x	LIG.y	LIG.z	PROT.x	PROT.y	PROT.z	Bond_type	prot_atom_id	lig_atom_id
VALA627	-3.734	0.080	0.429	-0.022	-3.778	-0.442	   3.870   0.000   2.182 -11.386  -3.684   3.305 -15.068  -4.079	Hydrophobic_Interactions	CG1	C5
GLUA663	-26.649	-28.039	-0.024	-0.643	-2.017	4.074	   3.930   0.000  -5.261  -9.260   1.196  -6.354 -13.037   1.230	Hydrophobic_Interactions	CG	CBC
ILEA676	-7.913	-2.881	-0.061	-0.023	-4.622	-0.325	   3.830   0.000  -1.309 -10.610  -3.272  -1.843  -8.205  -6.199	Hydrophobic_Interactions	CD1	CAT
ILEA690	-0.276	2.027	0.177	-0.008	-2.846	0.374	   3.530   0.000  -2.327 -13.183  -2.800  -5.289 -14.923  -3.632	Hydrophobic_Interactions	CG2	CAU
THRA692	-6.815	-2.581	-0.050	-0.109	-4.171	0.097	   3.780   0.000  -1.382 -12.984  -3.824  -3.943 -11.793  -6.336	Hydrophobic_Interactions	CG2	CAS
TYRA694	-6.998	-1.243	0.030	0.010	-5.584	-0.211	   3.560   0.000   5.923  -8.716  -8.132   5.647 -11.366 -10.500	Hydrophobic_Interactions	CE1	CAP
TYRA735	-3.374	-1.202	0.116	0.020	-2.601	0.292	   3.660   0.000  -6.471  -7.150   1.308  -7.719  -4.826   3.839	Hydrophobic_Interactions	CE2	CBG
ASPA757	-8.571	-6.333	0.894	-0.507	-4.427	1.802	   3.910   0.000  -4.953  -7.584  -0.543  -2.320  -6.681   2.198	Hydrophobic_Interactions	CB	CBD
GLUA663	-26.649	-28.039	-0.024	-0.643	-2.017	4.074	   2.290 159.050  -3.778  -9.792  -0.637  -4.043 -12.511   1.141	Hydrogen_Bonds	OE2	NAZ
THRA692	-6.815	-2.581	-0.050	-0.109	-4.171	0.097	   2.210 151.050   0.095 -11.468  -5.036  -1.856 -11.558  -7.482	Hydrogen_Bonds	OG1	NAC
META695	-6.472	-4.167	-0.413	-0.275	-1.389	-0.228	   2.270 154.090   3.718  -8.325  -9.065   2.231  -7.440 -11.763	Hydrogen_Bonds	N	NAO
ASPA757	-8.571	-6.333	0.894	-0.507	-4.427	1.802	   1.900 161.600  -2.548  -8.455  -2.007  -1.647  -6.410  -0.186	Hydrogen_Bonds	N	OBA
PHEA758	-11.047	-0.516	0.266	0.000	-10.504	-0.294	   4.160  27.840   2.763 -10.780  -4.772   2.731  -7.449  -2.280	pi-Stacking	Pi	Pi
PHEA758	-11.047	-0.516	0.266	0.000	-10.504	-0.294	   4.130  27.900   2.945 -11.538  -2.808   2.731  -7.449  -2.280	pi-Stacking	Pi	Pi
