Fragment	total	Ees	Eex	Ect+mix	Edisp	Gsol	distance	Angle	LIG.x	LIG.y	LIG.z	PROT.x	PROT.y	PROT.z	Bond_type	prot_atom_id	lig_atom_id
VALA627	-3.594	1.979	-0.079	-0.004	-4.011	-1.479	   3.840   0.000   5.173  -7.790  -7.197   4.578 -11.552  -6.714	Hydrophobic_Interactions	CG1	C6
ALAA644	-3.324	-0.462	0.353	-0.011	-2.860	-0.344	   3.310   0.000   1.514  -7.372  -7.762   1.561 -10.076  -9.676	Hydrophobic_Interactions	CB	C9
GLUA663	-10.126	-18.988	0.062	0.066	-2.086	10.820	   3.760   0.000  -3.795  -9.274   0.233  -5.887 -11.432   2.494	Hydrophobic_Interactions	CB	C45
PHEA670	-1.404	1.209	-0.012	0.015	-2.705	0.089	   3.930   0.000  -6.537  -3.601   0.732 -10.272  -3.712  -0.476	Hydrophobic_Interactions	CE2	C42
PHEA670	-1.404	1.209	-0.012	0.015	-2.705	0.089	   3.940   0.000  -6.420  -3.444  -1.693 -10.349  -3.635  -1.880	Hydrophobic_Interactions	CD2	C40
ILEA675	-0.380	0.055	0.046	-0.015	-1.004	0.538	   3.880   0.000  -6.420  -3.444  -1.693  -7.930  -1.555  -4.725	Hydrophobic_Interactions	CG2	C40
ILEA676	-3.748	1.288	0.028	-0.020	-5.453	0.408	   3.640   0.000  -5.929  -4.760  -1.751  -4.497  -4.531  -5.087	Hydrophobic_Interactions	CG2	C39
ILEA676	-3.748	1.288	0.028	-0.020	-5.453	0.408	   3.720   0.000   0.115  -7.171  -3.679  -2.243  -6.095  -6.341	Hydrophobic_Interactions	CD1	C17
THRA692	-2.324	0.933	-0.027	-0.003	-3.075	-0.152	   3.940   0.000  -0.346  -9.502  -4.266  -3.175 -10.090  -6.939	Hydrophobic_Interactions	CG2	C19
TYRA694	-6.768	-0.344	0.184	-0.054	-4.854	-1.700	   3.690   0.000   5.109  -6.575  -9.717   5.007  -8.275 -12.993	Hydrophobic_Interactions	CE1	C3
TYRA735	-0.288	0.938	0.138	0.009	-1.479	0.107	   3.680   0.000  -6.537  -3.601   0.732  -8.459  -1.897   3.374	Hydrophobic_Interactions	CE2	C42
ASPA757	-19.234	-26.159	-0.041	-0.328	-4.079	11.373	   3.760   0.000  -6.057  -4.922   0.676  -2.746  -3.935   2.167	Hydrophobic_Interactions	CB	C43
LYSA646	-12.061	2.954	0.221	-0.093	-4.384	-10.759	   2.760 106.350  -1.995 -10.230  -1.848  -0.498 -11.808   0.493	Hydrogen_Bonds	NZ	O36
META695	-3.657	-1.327	-0.290	-0.051	-2.853	0.864	   2.220 150.660   2.732  -6.500  -9.660   1.866  -5.143 -12.354	Hydrogen_Bonds	N	N7
ASPA757	-19.234	-26.159	-0.041	-0.328	-4.079	11.373	   2.070 175.220  -3.478  -6.322  -1.973  -2.336  -4.000  -0.300	Hydrogen_Bonds	N	O37
GLUA663	-10.126	-18.988	0.062	0.066	-2.086	10.820	   2.920 150.030  -5.163  -6.801  -0.588  -7.952  -9.996   0.379	Water_Bridges	O	N35
PHEA758	-10.561	-3.259	0.406	0.013	-7.186	-0.535	   4.850  86.960   0.472  -8.352  -4.358   3.234  -9.701  -0.605	pi-Stacking	Pi	Pi
