Fragment	total	Ees	Eex	Ect+mix	Edisp	Gsol	distance	Angle	LIG.x	LIG.y	LIG.z	PROT.x	PROT.y	PROT.z	Bond_type	prot_atom_id	lig_atom_id
ILEA619	-7.548	-4.120	0.209	-0.002	-4.214	0.578	   3.630   0.000   5.807 -10.956  -5.175   6.388 -12.530  -8.390	Hydrophobic_Interactions	CD1	C29
VALA627	-6.483	-2.191	0.090	-0.010	-4.738	0.366	   3.720   0.000   5.695 -11.566  -2.832   4.186 -14.959  -2.543	Hydrophobic_Interactions	CG2	C26
VALA627	-6.483	-2.191	0.090	-0.010	-4.738	0.366	   3.660   0.000   6.394 -11.545  -4.045   4.062 -14.215  -4.946	Hydrophobic_Interactions	CG1	C28
ALAA644	-3.538	-1.262	0.246	0.011	-2.543	0.010	   3.430   0.000   2.596  -9.732  -6.676   1.789 -12.317  -8.788	Hydrophobic_Interactions	CB	C12
TYRA694	-4.821	-2.439	0.063	0.010	-5.514	3.058	   3.770   0.000   7.416  -7.521 -10.357   5.703 -10.429 -12.037	Hydrophobic_Interactions	CE1	C06
LEUA746	-7.984	-2.471	0.011	-0.053	-6.287	0.817	   3.780   0.000   2.596  -9.732  -6.676   1.300  -6.273  -5.873	Hydrophobic_Interactions	CD1	C12
ASPA757	1.335	12.998	0.325	-0.095	-2.398	-9.495	   3.510   0.000   2.489  -7.764   0.180  -0.098  -6.272   2.032	Hydrophobic_Interactions	CB	C20
META695	-9.426	-4.808	-0.524	-0.163	-2.767	-1.163	   2.270 168.210   3.169  -8.647  -8.762   2.114  -7.280 -11.536	Hydrogen_Bonds	N	N10
META695	-9.426	-4.808	-0.524	-0.163	-2.767	-1.163	   2.180 135.910   5.388  -8.207  -9.237   4.709  -5.929 -11.054	Hydrogen_Bonds	O	N08
SERA756	-4.308	-3.204	-0.057	-0.002	-2.125	1.080	   3.020 145.280   1.530  -9.640  -4.465  -0.849  -7.090  -2.864	Hydrogen_Bonds	OG	N14
LYSA702	-40.114	-81.476	-0.006	-0.008	-0.917	42.292	   3.240 143.340  11.643  -7.028  -8.079  14.713  -4.782  -6.575	Water_Bridges	NZ	O03
LYSA702	-40.114	-81.476	-0.006	-0.008	-0.917	42.292	   3.040 143.340  11.529  -6.469 -10.193  14.713  -4.782  -6.575	Water_Bridges	NZ	O01
LYSA702	-40.114	-81.476	-0.006	-0.008	-0.917	42.292	   4.490   0.000  11.586  -6.748  -9.136  14.713  -4.782  -6.575	Salt_Bridges	NZ	O
