Fragment	total	Ees	Eex	Ect+mix	Edisp	Gsol	distance	Angle	LIG.x	LIG.y	LIG.z	PROT.x	PROT.y	PROT.z	Bond_type	prot_atom_id	lig_atom_id
ILEA619	-6.875	-1.227	-0.024	0.021	-5.911	0.267	   3.840   0.000   6.131  -8.306  -9.555   5.018 -11.912  -8.846	Hydrophobic_Interactions	CD1	CBA
ALAA644	-1.949	1.472	0.382	-0.007	-3.395	-0.401	   3.730   0.000  -1.448 -13.445  -6.294   0.302 -12.108  -9.308	Hydrophobic_Interactions	CB	CBE
LYSA646	-2.707	10.971	0.545	-0.021	-4.298	-9.904	   3.930   0.000  -3.412 -12.512  -3.147  -0.825 -14.884  -1.386	Hydrophobic_Interactions	CD	CBG
LYSA646	-2.707	10.971	0.545	-0.021	-4.298	-9.904	   3.520   0.000  -2.840 -13.253  -4.196  -0.670 -15.981  -3.678	Hydrophobic_Interactions	CB	CBF
ILEA690	-0.697	0.865	0.039	-0.013	-2.764	1.175	   3.600   0.000  -2.840 -13.253  -4.196  -5.913 -15.088  -4.589	Hydrophobic_Interactions	CG2	CBF
THRA692	-4.777	-0.432	0.204	-0.134	-4.144	-0.272	   3.430   0.000  -2.042 -12.622  -5.170  -4.849 -12.086  -7.068	Hydrophobic_Interactions	CG2	CBD
TYRA694	-11.225	-2.871	-0.010	-0.000	-5.647	-2.697	   3.810   0.000   6.131  -8.306  -9.555   4.217 -10.075 -12.330	Hydrophobic_Interactions	CE1	CBA
LEUA746	-5.486	0.373	-0.060	-0.009	-5.262	-0.528	   3.990   0.000   5.291  -7.727  -7.343   2.331  -5.458  -5.938	Hydrophobic_Interactions	CD2	CAL
THRA692	-4.777	-0.432	0.204	-0.134	-4.144	-0.272	   2.270 143.740  -1.044 -10.578  -6.087  -3.121 -11.068  -8.387	Hydrogen_Bonds	OG1	NAD
TYRA694	-11.225	-2.871	-0.010	-0.000	-5.647	-2.697	   3.160 114.710   8.968  -8.107 -10.957   6.323  -9.291 -13.185	Hydrogen_Bonds	OH	NAS
META695	-2.571	-0.248	-0.359	-0.029	-3.057	1.122	   2.300 156.270   1.357  -8.435  -9.057   0.856  -7.151 -11.999	Hydrogen_Bonds	N	NAH
META695	-2.571	-0.248	-0.359	-0.029	-3.057	1.122	   2.100 144.380   3.733  -8.070  -9.203   3.570  -6.149 -11.481	Hydrogen_Bonds	O	NAJ
