Fragment	total	Ees	Eex	Ect+mix	Edisp	Gsol
GLYA1121	0.467	-0.543	0.000	0.000	-0.040	1.050
LEUA1122	-1.378	3.328	-0.015	-0.003	-5.264	0.575
GLYA1123	-0.574	1.457	-0.026	-0.006	-1.811	-0.189
HISA1124	-2.634	6.620	-0.002	-0.001	-1.366	-7.884
GLYA1125	-16.873	-17.925	3.909	-1.886	-0.388	-0.583
ALAA1126	-11.326	-6.220	0.000	-0.000	-0.338	-4.769
GLUA1129	-7.203	-29.810	0.000	0.000	-0.097	22.704
VALA1130	-1.267	4.147	-0.059	-0.013	-3.481	-1.862
TYRA1131	-6.159	-5.507	0.000	0.000	-0.545	-0.107
VALA1147	0.954	-0.284	-0.000	0.000	-0.098	1.336
ALAA1148	2.261	3.451	0.031	0.000	-2.333	1.112
VALA1149	-1.270	-0.413	0.000	0.000	-0.403	-0.453
LYSA1150	10.355	45.521	0.000	-0.000	-0.523	-34.643
THRA1151	-2.392	-2.568	0.000	0.000	-0.081	0.257
ILEA1179	1.258	-0.275	0.000	0.000	-0.037	1.570
VALA1180	3.720	3.509	0.000	0.000	-1.044	1.255
ARGA1181	2.033	14.401	0.000	0.000	-0.149	-12.219
LEUA1195	0.897	-0.549	0.000	0.000	-0.055	1.502
LEUA1196	2.652	2.847	0.020	-0.006	-2.203	1.994
GLUA1197	-12.105	-23.648	0.000	-0.000	-0.786	12.329
LEUA1198	-9.744	-11.225	4.263	-0.784	-2.497	0.498
META1199	-4.034	-0.847	0.144	-0.056	-3.870	0.596
ALAA1200	-5.160	-4.737	0.725	-0.064	-1.200	0.116
GLYA1201	2.132	2.937	0.123	-0.001	-0.655	-0.274
GLYA1202	1.102	1.713	-0.010	-0.002	-2.306	1.707
ASPA1203	-16.687	-38.298	0.259	-0.055	-3.625	25.032
LEUA1204	-1.289	-4.150	0.000	-0.000	-0.498	3.360
LYSA1205	10.123	33.559	0.000	0.000	-0.165	-23.271
ALAA1251	-0.135	-0.274	0.000	0.000	-0.026	0.165
ALAA1252	-3.369	-1.299	0.000	0.000	-0.066	-2.004
ARGA1253	7.679	37.546	0.000	0.000	-0.520	-29.348
ASNA1254	-4.977	-13.630	0.490	-0.054	-1.437	9.654
CYSA1255	-0.366	-0.767	0.022	0.001	-1.243	1.620
LEUA1256	-11.901	-1.991	0.660	0.012	-9.270	-1.311
LEUA1257	-4.448	-2.825	0.000	-0.000	-0.458	-1.166
ILEA1268	0.790	-0.598	-0.000	0.000	-0.126	1.514
GLYA1269	1.156	2.082	0.199	-0.013	-0.676	-0.437
ASPA1270	-14.294	-46.852	0.076	0.001	-2.442	34.921
PHEA1271	-2.882	-1.344	0.000	-0.000	-0.284	-1.254
HOHA9997	-7.786	-2.685	0.029	-0.027	-1.149	-3.954
