Fragment	total	Ees	Eex	Ect+mix	Edisp	Gsol	distance	Angle	LIG.x	LIG.y	LIG.z	PROT.x	PROT.y	PROT.z	Bond_type	prot_atom_id	lig_atom_id
LYSA617	-14.637	-47.873	-0.004	-0.045	-3.469	36.754	   3.850   0.000  10.823 -12.200 -12.794  12.268 -15.436 -14.310	Hydrophobic_Interactions	CD	CAY
ILEA619	-9.892	-0.127	-0.139	0.008	-7.953	-1.681	   3.700   0.000   8.962  -7.718  -7.362   8.109 -11.262  -6.748	Hydrophobic_Interactions	CG2	CAN
LYSA646	-6.225	-20.838	0.111	-0.006	-3.947	18.455	   3.660   0.000  -1.519 -12.828  -2.975   0.608 -14.567  -0.551	Hydrophobic_Interactions	CD	CBI
LYSA646	-6.225	-20.838	0.111	-0.006	-3.947	18.455	   3.940   0.000  -0.776 -12.252  -4.019   0.785 -15.675  -2.839	Hydrophobic_Interactions	CB	CAB
ILEA690	-3.549	-0.304	0.107	0.005	-2.345	-1.013	   3.530   0.000  -1.519 -12.828  -2.975  -4.502 -14.679  -3.298	Hydrophobic_Interactions	CG2	CBI
THRA692	-5.045	-1.636	0.103	-0.027	-3.655	0.171	   3.480   0.000  -0.776 -12.252  -4.019  -3.614 -11.704  -5.949	Hydrophobic_Interactions	CG2	CAB
TYRA694	-14.155	-11.088	0.072	-0.038	-6.160	3.060	   3.800   0.000   7.270  -8.270  -9.026   5.209 -10.051 -11.681	Hydrophobic_Interactions	CE1	CBB
THRA692	-5.045	-1.636	0.103	-0.027	-3.655	0.171	   2.450 130.110   0.240 -10.281  -5.053  -1.872 -10.883  -7.372	Hydrogen_Bonds	OG1	NAD
TYRA694	-14.155	-11.088	0.072	-0.038	-6.160	3.060	   3.480 117.080  10.403 -10.298 -14.791   7.277  -9.217 -12.545	Hydrogen_Bonds	OH	OAX
TYRA694	-14.155	-11.088	0.072	-0.038	-6.160	3.060	   3.430 120.930  10.403 -10.298 -14.791   7.277  -9.217 -12.545	Hydrogen_Bonds	OH	OAX
META695	-7.227	-1.905	-0.300	-0.095	-2.977	-1.950	   2.390 150.130   2.564  -8.468  -8.248   2.060  -7.108 -11.215	Hydrogen_Bonds	N	NAH
META695	-7.227	-1.905	-0.300	-0.095	-2.977	-1.950	   2.110 135.520   4.924  -8.183  -8.517   4.790  -6.130 -10.589	Hydrogen_Bonds	O	NAJ
