Fragment	total	Ees	Eex	Ect+mix	Edisp	Gsol	distance	Angle	LIG.x	LIG.y	LIG.z	PROT.x	PROT.y	PROT.z	Bond_type	prot_atom_id	lig_atom_id
ALAA644	-2.231	1.121	0.326	-0.010	-3.395	-0.273	   3.760   0.000  -1.653 -13.549  -6.325   0.082 -12.288  -9.412	Hydrophobic_Interactions	CB	CBD
LYSA646	-5.359	8.821	0.636	-0.027	-4.532	-10.257	   3.760   0.000  -3.739 -12.762  -3.217  -0.988 -14.784  -1.640	Hydrophobic_Interactions	CD	CBF
LYSA646	-5.359	8.821	0.636	-0.027	-4.532	-10.257	   3.510   0.000  -3.106 -13.456  -4.262  -0.837 -16.089  -3.805	Hydrophobic_Interactions	CB	CBE
ILEA690	-0.609	0.714	0.131	-0.015	-2.610	1.171	   3.520   0.000  -3.106 -13.456  -4.262  -6.082 -15.323  -4.533	Hydrophobic_Interactions	CG2	CBE
THRA692	-4.961	-0.289	0.196	-0.113	-4.381	-0.374	   3.500   0.000  -2.326 -12.769  -5.212  -5.183 -12.170  -7.146	Hydrophobic_Interactions	CG2	CBC
TYRA694	-12.220	-5.683	-0.269	0.004	-4.605	-1.668	   3.780   0.000   5.747  -8.119  -9.694   4.111 -10.090 -12.479	Hydrophobic_Interactions	CE1	CAZ
LEUA746	-5.316	0.506	0.100	0.001	-4.849	-1.073	   3.930   0.000   5.090  -8.252  -7.356   2.611  -5.596  -5.865	Hydrophobic_Interactions	CD2	CAL
THRA692	-4.961	-0.289	0.196	-0.113	-4.381	-0.374	   2.310 131.890  -1.426 -10.659  -6.068  -3.350 -11.235  -8.397	Hydrogen_Bonds	OG1	NAD
TYRA694	-12.220	-5.683	-0.269	0.004	-4.605	-1.668	   2.190 137.710   8.021  -8.296 -11.495   6.180  -9.432 -13.511	Hydrogen_Bonds	OH	OAY
META695	-2.542	0.017	-0.329	-0.033	-3.108	0.910	   2.300 155.370   1.037  -8.631  -9.036   0.766  -7.345 -12.008	Hydrogen_Bonds	N	NAH
META695	-2.542	0.017	-0.329	-0.033	-3.108	0.910	   2.030 150.190   3.405  -8.308  -9.179   3.514  -6.437 -11.459	Hydrogen_Bonds	O	NAJ
ASNA697	1.615	-5.138	-0.023	-0.062	-2.556	9.394	   3.530 148.920   9.188  -7.051  -9.989   7.477  -3.016  -9.888	Water_Bridges	O	NAQ
