Fragment	total	Ees	Eex	Ect+mix	Edisp	Gsol	distance	Angle	LIG.x	LIG.y	LIG.z	PROT.x	PROT.y	PROT.z	Bond_type	prot_atom_id	lig_atom_id
ILEA619	-12.550	-4.473	0.125	-0.071	-6.904	-1.227	   3.910   0.000   5.617  -8.194  -7.584   5.114 -11.791  -9.035	Hydrophobic_Interactions	CD1	CAL
ILEA619	-12.550	-4.473	0.125	-0.071	-6.904	-1.227	   3.870   0.000  10.114 -10.090 -11.987   7.961 -12.562  -9.925	Hydrophobic_Interactions	CG2	CAT
LYSA646	-26.178	-28.502	0.068	-0.059	-4.889	7.204	   3.650   0.000  -2.719 -13.131  -4.136  -0.354 -15.865  -3.618	Hydrophobic_Interactions	CB	CBG
GLUA663	11.268	17.113	0.047	-0.062	-1.837	-3.993	   3.970   0.000  -3.348 -12.406  -3.111  -5.488 -11.969   0.202	Hydrophobic_Interactions	CG	CBF
ILEA690	-4.402	-0.511	0.120	-0.011	-2.285	-1.715	   3.530   0.000  -2.719 -13.131  -4.136  -5.673 -15.044  -4.376	Hydrophobic_Interactions	CG2	CBG
THRA692	-5.836	-2.006	0.156	-0.070	-3.723	-0.193	   3.520   0.000  -1.935 -12.471  -5.095  -4.850 -11.994  -7.006	Hydrophobic_Interactions	CG2	CAB
TYRA694	-19.014	-13.203	-0.129	-0.268	-5.883	0.468	   3.840   0.000   6.034  -7.676  -9.920   4.296 -10.013 -12.427	Hydrophobic_Interactions	CE1	CAZ
THRA692	-5.836	-2.006	0.156	-0.070	-3.723	-0.193	   2.350 130.830  -1.002 -10.407  -6.015  -3.022 -11.093  -8.276	Hydrogen_Bonds	OG1	NAD
TYRA694	-19.014	-13.203	-0.129	-0.268	-5.883	0.468	   2.190 137.640   8.332 -11.330 -12.976   6.351  -9.162 -13.344	Hydrogen_Bonds	OH	OAV
META695	-8.801	-2.534	-0.332	-0.042	-3.133	-2.760	   2.310 155.190   1.405  -8.365  -9.018   0.966  -7.069 -11.970	Hydrogen_Bonds	N	NAH
META695	-8.801	-2.534	-0.332	-0.042	-3.133	-2.760	   2.060 150.270   3.763  -8.073  -9.257   3.697  -6.075 -11.469	Hydrogen_Bonds	O	NAJ
LYSA617	-40.273	-63.540	0.951	-0.860	-2.208	25.385	   4.660   0.000   8.997 -10.775 -13.664  12.436 -12.914 -11.354	Salt_Bridges	NZ	O
LYSA646	-26.178	-28.502	0.068	-0.059	-4.889	7.204	   4.320   0.000  -2.563 -11.736  -4.071  -0.633 -12.675  -0.325	pi-Cation_Interactions	NZ	Pi
